0
8
172.301 92.5743
178.278 173.934
170.619 204.81
126.658 192.354
111.339 172.024
82.7726 131.922
81.9652 130.114
94.0149 99.9854

1
6
38.9269 79.2061
46.418 83.715
40.5474 92.5196
37.7551 96.1243
34.9598 92.0106
32.0923 87.4016

2
10
270.496 132.88
272.069 133.115
272.543 133.963
273.707 136.769
271.604 140.016
270.051 140.215
269.04 140.132
266.712 138.689
266.029 135.612
268.002 133.074

3
14
60.8115 234.991
68.3159 238.363
71.6189 243.6
71.9798 251.977
70.0326 258.306
62.6182 267.457
61.2527 268.812
60.3514 269.531
57.4593 270.909
45.8247 266.678
43.279 264.118
38.7036 248.592
45.3789 237.453
57.0128 235.473

4
10
16.8825 114.411
20.3086 117.656
25.0881 123.862
27.0579 129.677
22.5757 132.309
14.5982 135.64
8.78715 132.092
7.07103 129.962
7.71543 121.182
10.4326 118.035

5
5
256.773 172.986
255.723 188.263
250.68 186.862
247.639 181.194
245.516 176.172

6
14
10.053 105.405
11.1069 105.874
11.7237 106.444
11.9496 106.886
12.5999 108.749
11.9198 109.623
11.1545 110.453
9.93975 111.627
9.80741 111.58
7.29856 109.703
6.80905 108.897
6.82104 108.238
7.37495 106.742
8.6887 106.023

